2/6/22, 4:43 PM - Messages and calls are end-to-end encrypted. No one outside of this chat, not even WhatsApp, can read or listen to them. Tap to learn more.
2/6/22, 10:53 AM - Roshan Jha Jain University created group "CSE 4TH SEM "C" SECTION📚️🌱"
2/6/22, 11:12 AM - Roshan Jha Jain University added you
2/6/22, 11:12 AM - +91 77958 41093 joined using this group's invite link
2/6/22, 11:12 AM - +977 982-1809836 joined using this group's invite link
2/6/22, 11:13 AM - +91 820 994 3505 joined using this group's invite link
2/6/22, 11:13 AM - +91 92074 32540 joined using this group's invite link
2/6/22, 11:16 AM - +91 86888 34728 joined using this group's invite link
2/6/22, 11:17 AM - +91 85110 62555 joined using this group's invite link
2/6/22, 11:19 AM - Roshan Jha Jain University added +880 1620-982879, +880 1711-588862, and +880 1776-000407
2/6/22, 11:20 AM - Roshan Jha Jain University changed this group's settings to allow only admins to edit this group's info
2/6/22, 11:22 AM - +977 981-8705672 joined using this group's invite link
2/6/22, 11:22 AM - Roshan Jha Jain University changed the group description
2/6/22, 11:44 AM - +880 1719-659219 joined using this group's invite link
2/6/22, 12:00 PM - +91 81318 89065 joined using this group's invite link
2/6/22, 12:04 PM - Ujjwal Bhattarai joined using this group's invite link
2/6/22, 12:05 PM - Mansur Bro Jain Uni joined using this group's invite link
2/6/22, 12:12 PM - +91 73491 94605 joined using this group's invite link
2/6/22, 11:29 AM - Roshan Jha Jain University changed this group's icon
2/6/22, 12:15 PM - +91 75592 92452 joined using this group's invite link
2/6/22, 12:18 PM - Aman /-\ |\|~ joined using this group's invite link
2/6/22, 12:31 PM - +880 1741-936500 joined using this group's invite link
2/6/22, 1:01 PM - Sudan Neupane joined using this group's invite link
2/6/22, 1:58 PM - +91 81237 70697 joined using this group's invite link
2/6/22, 2:13 PM - +977 982-3621272 joined using this group's invite link
2/6/22, 4:12 PM - +977 981-7223299 joined using this group's invite link
2/6/22, 8:47 PM - +91 95158 39689 joined using this group's invite link
2/6/22, 10:52 PM - +977 981-9342124 joined using this group's invite link
2/7/22, 7:50 AM - Roshan Jha Jain University changed the group description
2/7/22, 9:00 AM - +91 6363 594 774: <Media omitted>
2/7/22, 9:00 AM - +91 6363 594 774: student list of C Section
2/7/22, 9:01 AM - +91 70058 69564 joined using this group's invite link
2/7/22, 9:45 AM - +91 99892 25569 joined using this group's invite link
2/7/22, 10:56 AM - Roshan Jha Jain University added +91 83105 48920
2/7/22, 1:18 PM - +91 70754 12140 joined using this group's invite link
2/7/22, 5:37 PM - Roshan Jha Jain University added +91 80576 55031, +91 89400 87949, +91 89702 97877, and +91 95385 71172
2/7/22, 5:40 PM - Roshan Jha Jain University added +91 6362 448 766
2/7/22, 5:42 PM - Roshan Jha Jain University: <Media omitted>
2/8/22, 7:31 AM - Roshan Jha Jain University added +91 99897 79115
2/8/22, 11:38 AM - +91 98860 17786 joined using this group's invite link
2/8/22, 11:38 AM - +91 99643 56144 joined using this group's invite link
2/8/22, 4:24 PM - +91 81232 56914 joined using this group's invite link
2/8/22, 5:58 PM - +91 6281 533 547 joined using this group's invite link
2/8/22, 9:16 PM - +91 77709 45725 joined using this group's invite link
2/9/22, 8:43 AM - Roshan Jha Jain University: <Media omitted>
2/9/22, 9:35 AM - Roshan Jha Jain University: https://zoom.us/j/91223057638

Join Through this
2/9/22, 10:27 AM - Sushil Yadav Jain joined using this group's invite link
2/9/22, 12:25 PM - Sartaz Bro Cse Jain University joined using this group's invite link
2/9/22, 12:26 PM - +91 87458 77185 joined using this group's invite link
2/9/22, 9:31 PM - +91 99006 85155: <Media omitted>
2/9/22, 10:13 PM - Sajid Bro Whatsapp Jain Cse B Section joined using this group's invite link
2/10/22, 8:54 AM - Roshan Jha Jain University: <Media omitted>
2/10/22, 9:12 AM - +91 99006 85155: Shilpa Das is inviting you to a scheduled Zoom meeting.

Topic: 4th Semester - Induction
Time: Feb 9, 2022 09:00 AM Mumbai, Kolkata, New Delhi
        Every day, until Feb 10, 2022, 2 occurrence(s)
        Feb 9, 2022 09:00 AM
        Feb 10, 2022 09:00 AM
Please download and import the following iCalendar (.ics) files to your calendar system.
Daily: https://zoom.us/meeting/tJwpf-2hrjMiE9B98x2wZJEsTQFr4TAITe8t/ics?icsToken=98tyKuCgqjMuE9SduBCDRow-BoqgLPPziFxHj_p_xUf9UTdpSCblAtNkIOZLMfHk

Join Zoom Meeting
https://zoom.us/j/98484908894?pwd=SWY5MlhlMU5PZFZYaS84cnk2YVZkdz09

Meeting ID: 984 8490 8894
Passcode: 229895
One tap mobile
+16465588656,,98484908894#,,,,*229895# US (New York)
+16699009128,,98484908894#,,,,*229895# US (San Jose)

Dial by your location
        +1 646 558 8656 US (New York)
        +1 669 900 9128 US (San Jose)
        +1 253 215 8782 US (Tacoma)
        +1 301 715 8592 US (Washington DC)
        +1 312 626 6799 US (Chicago)
        +1 346 248 7799 US (Houston)
Meeting ID: 984 8490 8894
Passcode: 229895
Find your local number: https://zoom.us/u/abBdcbG0dP
2/10/22, 10:00 AM - Roshan Jha Jain University added +91 6290 744 784
2/10/22, 11:51 AM - +91 99006 85155 added +91 94375 95930
2/10/22, 11:53 AM - +91 94375 95930: Shilpa Das is inviting you to a scheduled Zoom meeting.

Topic: 4th Semester - Induction
Time: Feb 10, 2022 11:45 AM Mumbai, Kolkata, New Delhi
        Every day, until Feb 10, 2022, 2 occurrence(s)
        Feb 9, 2022 09:00 AM
        Feb 10, 2022 09:00 AM
Please download and import the following iCalendar (.ics) files to your calendar system.
Daily: https://zoom.us/meeting/tJwpf-2hrjMiE9B98x2wZJEsTQFr4TAITe8t/ics?icsToken=98tyKuCgqjMuE9SduBCDRow-BoqgLPPziFxHj_p_xUf9UTdpSCblAtNkIOZLMfHk

Join Zoom Meeting
https://zoom.us/j/98484908894?pwd=SWY5MlhlMU5PZFZYaS84cnk2YVZkdz09

Meeting ID: 984 8490 8894
Passcode: 229895
One tap mobile
+16465588656,,98484908894#,,,,*229895# US (New York)
+16699009128,,98484908894#,,,,*229895# US (San Jose)

Dial by your location
        +1 646 558 8656 US (New York)
        +1 669 900 9128 US (San Jose)
        +1 253 215 8782 US (Tacoma)
        +1 301 715 8592 US (Washington DC)
        +1 312 626 6799 US (Chicago)
        +1 346 248 7799 US (Houston)
Meeting ID: 984 8490 8894
Passcode: 229895
Find your local number: https://zoom.us/u/abBdcbG0dP
2/10/22, 11:53 AM - +91 94375 95930: Please join the session back soon, we're about to start.
2/10/22, 1:25 PM - +91 94375 95930: Please join the session soon, we'll resume to the afternoon session by our external speaker now.
2/10/22, 1:29 PM - +91 94375 95930: The external speaker has joined the session already, the students are instructed to join immediately.
2/10/22, 1:34 PM - +91 94375 95930: The students who haven't joined yet, join immediately.
2/10/22, 2:41 PM - +91 99006 85155 added +91 83052 06477
2/10/22, 3:39 PM - +91 6363 594 774: <Media omitted>
2/10/22, 3:39 PM - +91 6363 594 774: Dear all tom u have bridge course classes of the above mentioned subject
2/10/22, 5:00 PM - +91 6363 594 774: Mr. Harsha S V is inviting you to a scheduled Zoom meeting.

Topic: Bridge Course on Linear Algebra 
Time: Feb 11, 2022 09:00 AM Mumbai, Kolkata, New Delhi

Join Zoom Meeting
https://zoom.us/j/4077944031?pwd=ZEFvYlZkOEZsUVRWV3BwR3BoMDhXZz09

Meeting ID: 407 794 4031
Passcode: 123456
One tap mobile
+13462487799,,4077944031# US (Houston)
+16465588656,,4077944031# US (New York)

Dial by your location
        +1 346 248 7799 US (Houston)
        +1 646 558 8656 US (New York)
        +1 669 900 9128 US (San Jose)
        +1 253 215 8782 US (Tacoma)
        +1 301 715 8592 US (Washington DC)
        +1 312 626 6799 US (Chicago)
Meeting ID: 407 794 4031
Find your local number: https://zoom.us/u/adiwKEfMMm
2/10/22, 6:43 PM - +91 6363 594 774 added +91 95575 62499
2/11/22, 7:39 AM - +91 6363 594 774 added Veeresh Malagi
2/11/22, 8:01 AM - +91 83052 06477: This message was deleted
2/11/22, 8:01 AM - +91 83052 06477: Dr. Meesala Sudhir Kumar is inviting you to a scheduled Zoom meeting.

Topic: Bridge Course on Automata Theory and  Logic 
Time: Feb 11, 2022 01:30 AM Mumbai, Kolkata, New Delhi


Join Zoom Meeting
https://zoom.us/j/5052866020?pwd=Szl1WU5xbUZxQ3ZvdGdxUDhmQUYrdz09

Meeting ID: 505 286 6020
Passcode: Trc74t


One tap mobile
+13462487799,,4077944031# US (Houston)
+16465588656,,4077944031# US (New York)

Dial by your location
        +1 346 248 7799 US (Houston)
        +1 646 558 8656 US (New York)
        +1 669 900 9128 US (San Jose)
        +1 253 215 8782 US (Tacoma)
        +1 301 715 8592 US (Washington DC)
        +1 312 626 6799 US (Chicago)
Meeting ID: 407 794 4031
Find your local number: https://zoom.us/u/adiwKEfMMm
2/11/22, 8:04 AM - +91 6363 594 774: Ravi Kumar S is inviting you to a scheduled Zoom meeting.

Topic: Session On Microcontroller and Embedded System 
Time: This is a recurring meeting Meet anytime

Join Zoom Meeting
https://zoom.us/j/93627613411?pwd=VFpiUVdycXVNTUJMdFByeURkN0Q3QT09

Meeting ID: 936 2761 3411
Passcode: jain1234
One tap mobile
+16699009128,,93627613411# US (San Jose)
+12532158782,,93627613411# US (Tacoma)

Dial by your location
        +1 669 900 9128 US (San Jose)
        +1 253 215 8782 US (Tacoma)
        +1 301 715 8592 US (Washington DC)
        +1 312 626 6799 US (Chicago)
        +1 346 248 7799 US (Houston)
        +1 646 558 8656 US (New York)
Meeting ID: 936 2761 3411
2/11/22, 8:05 AM - +91 6363 594 774: Timing 11:20am to 12:20pm today
2/11/22, 8:15 AM - Roshan Jha Jain University: 1)9:00-10:00 AM *LINEAR ALGEBRA*
 https://zoom.us/j/4077944031?pwd=ZEFvYlZkOEZsUVRWV3BwR3BoMDhXZz09

2)10:10-11:10 *Programming In Java* 

3)11:20-12:20 PM *Microcontroler Embedded System*
 https://zoom.us/j/93627613411?pwd=VFpiUVdycXVNTUJMdFByeURkN0Q3QT09

4)1:30--2:30 Pm *Automata Theory & Logic*
 https://zoom.us/j/5052866020?pwd=Szl1WU5xbUZxQ3ZvdGdxUDhmQUYrdz09

5) 2:40-3:35 Pm *Operating System*
2/11/22, 9:34 AM - +91 95575 62499: This message was deleted
2/11/22, 9:38 AM - +91 95575 62499: Introduction to Java
Friday, February 11⋅10:00 – 11:00am
Take meeting notes
Start a new document to capture notes
https://zoom.us/j/96128138968?pwd=b0l0WllYUnVlMTVWUUJabUwwQ2RhQT09
Mahesh TR is inviting you to a scheduled Zoom meeting.

Join Zoom Meeting
https://zoom.us/j/96128138968?pwd=b0l0WllYUnVlMTVWUUJabUwwQ2RhQT09

Meeting ID: 961 2813 8968
Passcode: 877168
One tap mobile
+13126266799,,96128138968# US (Chicago)
+13462487799,,96128138968# US (Houston)

Dial by your location
        +1 312 626 6799 US (Chicago)
        +1 346 248 7799 US (Houston)
        +1 646 558 8656 US (New York)
        +1 669 900 9128 US (San Jose)
        +1 253 215 8782 US (Tacoma)
        +1 301 715 8592 US (Washington DC)
Meeting ID: 961 2813 8968
Find your local number: https://zoom.us/u/abphYm5qy2
2/11/22, 11:26 AM - Roshan Jha Jain University added +91 97389 79827
2/11/22, 10:39 AM - Roshan Jha Jain University: <Media omitted>
2/11/22, 10:39 AM - Roshan Jha Jain University: Dear teachers, As disccused, ICode is sponsoring its next event to Club Enigma, Department of Core CSE.  As always, I request registrations from all students of all departments.  Kindly share to students!   Registration link:   https://forms.gle/3yKQYd2ifqrdegN46
2/11/22, 11:28 AM - Roshan Jha Jain University: 1)9:00-10:00 AM *LINEAR ALGEBRA*
 https://zoom.us/j/4077944031?pwd=ZEFvYlZkOEZsUVRWV3BwR3BoMDhXZz09

2)10:10-11:10 *Programming In Java* 
https://zoom.us/j/96128138968?pwd=b0l0WllYUnVlMTVWUUJabUwwQ2RhQT09

3)11:20-12:20 PM *Microcontroler Embedded System*
 https://zoom.us/j/93627613411?pwd=VFpiUVdycXVNTUJMdFByeURkN0Q3QT09

4)1:30--2:30 Pm *Automata Theory & Logic*
 https://zoom.us/j/5052866020?pwd=Szl1WU5xbUZxQ3ZvdGdxUDhmQUYrdz09

5) 2:40-3:35 Pm *Operating System*
https://zoom.us/j/94012321149
2/11/22, 12:28 PM - Roshan Jha Jain University: Campus Team is inviting you to a scheduled Zoom meeting.

Topic: Roadmap to Full Stack Web Development | Jain University
Time: Feb 11, 2022 05:00 PM India

Join Zoom Meeting
https://zoom.us/j/91035942485

Meeting ID: 910 3594 2485
2/11/22, 2:42 PM - +91 6363 594 774: Shashikala H K is inviting you to a scheduled Zoom meeting.

Topic: Operating System(18CIC45)-Bridge course
Time: Feb 11, 2022 02:40 PM Mumbai, Kolkata, New Delhi
       
Please download and import the following iCalendar (.ics) files to your calendar system.
Daily: https://zoom.us/meeting/tJAtduurrDorHt1_JFhnBxIrlS_ep_S7xvKB/ics?icsToken=98tyKuCsrjooGdaUsR2ORowIAoj4a-nzpn5cgrcMozXDCy5xeirkOtF9N6JAI4_I

Join Zoom Meeting
https://zoom.us/j/94012321149

Meeting ID: 940 1232 1149
One tap mobile
+13462487799,,94012321149# US (Houston)
+16465588656,,94012321149# US (New York)

Dial by your location
        +1 346 248 7799 US (Houston)
        +1 646 558 8656 US (New York)
        +1 669 900 9128 US (San Jose)
        +1 253 215 8782 US (Tacoma)
        +1 301 715 8592 US (Washington DC)
        +1 312 626 6799 US (Chicago)
Meeting ID: 940 1232 1149
Find your local number: https://zoom.us/u/aGLsdYEDM
2/11/22, 2:42 PM - +91 6363 594 774: Students join now for operating system bridge course
2/11/22, 3:27 PM - Roshan Jha Jain University changed the group description
2/11/22, 3:32 PM - Roshan Jha Jain University changed the group description
2/11/22, 3:36 PM - +91 99006 85155: https://classroom.google.com/c/NDY1NDc0MDEyOTc3?cjc=7ve3aoa
2/11/22, 3:36 PM - +91 99006 85155: Google classroom code for operating system subject
2/11/22, 4:50 PM - Roshan Jha Jain University: Join Guys!!
2/11/22, 6:13 PM - +977 984-5532998: This message was deleted
2/12/22, 7:38 AM - +91 95385 71172: Dr. Siddesha M S is inviting you to a scheduled Zoom meeting.

Topic: Diploma Mathematics-II
Time: This is a recurring meeting Meet anytime

Join Zoom Meeting
https://zoom.us/j/96879395032?pwd=V2VHQmkxdS96MVVZTENRVTVXTDBHdz09

Meeting ID: 968 7939 5032
Passcode: 123
2/12/22, 5:56 PM - +91 83105 48920: Dear All
There is a short meeting today at 6:30 pm to update you all about the upcoming classes and odd semester cycle2 schedule. Meeting invite will be shared in a while. 
Please do join...the class teachers are also requested to join.
Thanks
2/12/22, 6:00 PM - +91 78299 04283: Manjunath C R is inviting you to a scheduled Zoom meeting.

Topic: OFFLINE CLASSES
Time: Feb 12, 2022 06:30 PM Mumbai, Kolkata, New Delhi

Join Zoom Meeting
https://zoom.us/j/95060398112

Meeting ID: 950 6039 8112
One tap mobile
+16465588656,,95060398112# US (New York)
+16699009128,,95060398112# US (San Jose)

Dial by your location
        +1 646 558 8656 US (New York)
        +1 669 900 9128 US (San Jose)
        +1 253 215 8782 US (Tacoma)
        +1 301 715 8592 US (Washington DC)
        +1 312 626 6799 US (Chicago)
        +1 346 248 7799 US (Houston)
Meeting ID: 950 6039 8112
Find your local number: https://zoom.us/u/ac8PQ1SL4P
2/12/22, 6:02 PM - +91 6363 594 774: Manjunath C R is inviting you to a scheduled Zoom meeting.

Topic: OFFLINE CLASSES
Time: Feb 12, 2022 06:30 PM Mumbai, Kolkata, New Delhi

Join Zoom Meeting
https://zoom.us/j/95060398112

Meeting ID: 950 6039 8112
One tap mobile
+16465588656,,95060398112# US (New York)
+16699009128,,95060398112# US (San Jose)

Dial by your location
        +1 646 558 8656 US (New York)
        +1 669 900 9128 US (San Jose)
        +1 253 215 8782 US (Tacoma)
        +1 301 715 8592 US (Washington DC)
        +1 312 626 6799 US (Chicago)
        +1 346 248 7799 US (Houston)
Meeting ID: 950 6039 8112
Find your local number: https://zoom.us/u/ac8PQ1SL4P
2/12/22, 6:56 PM - +91 78299 04283: <Media omitted>
2/13/22, 9:23 AM - +91 83105 48920: https://ieeexplore.ieee.org/document/9702665
2/13/22, 9:26 AM - +91 94375 95930 left
2/14/22, 9:00 AM - Roshan Jha Jain University: Shashikala H K is inviting you to a scheduled Zoom meeting.

Topic: Operating System(18CIC45)-Bridge course
Time: Feb 11, 2022 02:40 PM Mumbai, Kolkata, New Delhi
       
Please download and import the following iCalendar (.ics) files to your calendar system.
Daily: https://zoom.us/meeting/tJAtduurrDorHt1_JFhnBxIrlS_ep_S7xvKB/ics?icsToken=98tyKuCsrjooGdaUsR2ORowIAoj4a-nzpn5cgrcMozXDCy5xeirkOtF9N6JAI4_I

Join Zoom Meeting
https://zoom.us/j/94012321149

Meeting ID: 940 1232 1149
One tap mobile
+13462487799,,94012321149# US (Houston)
+16465588656,,94012321149# US (New York)

Dial by your location
        +1 346 248 7799 US (Houston)
        +1 646 558 8656 US (New York)
        +1 669 900 9128 US (San Jose)
        +1 253 215 8782 US (Tacoma)
        +1 301 715 8592 US (Washington DC)
        +1 312 626 6799 US (Chicago)
Meeting ID: 940 1232 1149
Find your local number: https://zoom.us/u/aGLsdYEDM
2/14/22, 9:28 AM - Roshan Jha Jain University changed the group description
2/14/22, 9:30 AM - +91 83052 06477: This message was deleted
2/14/22, 10:06 AM - +91 6363 594 774: Veeresh S Malagi is inviting you to a scheduled Zoom meeting.

Topic: Veeresh S Malagi's Personal Meeting Room

Join Zoom Meeting
https://zoom.us/j/5938014649

Meeting ID: 593 801 4649
One tap mobile
+16699009128,,5938014649# US (San Jose)
+12532158782,,5938014649# US (Tacoma)

Dial by your location
        +1 669 900 9128 US (San Jose)
        +1 253 215 8782 US (Tacoma)
        +1 301 715 8592 US (Washington DC)
        +1 312 626 6799 US (Chicago)
        +1 346 248 7799 US (Houston)
        +1 646 558 8656 US (New York)
Meeting ID: 593 801 4649
Find your local number: https://zoom.us/u/aw7pkB9sY
2/14/22, 10:06 AM - Veeresh Malagi: Kindly join linear algebra class now
2/14/22, 10:20 AM - +91 95575 62499: This message was deleted
2/14/22, 10:57 AM - +91 6363 594 774: Ravi Kumar S is inviting you to a scheduled Zoom meeting.

Topic: Session On Microcontroller and Embedded System 
Time: This is a recurring meeting Meet anytime

Join Zoom Meeting
https://zoom.us/j/93627613411?pwd=VFpiUVdycXVNTUJMdFByeURkN0Q3QT09

Meeting ID: 936 2761 3411
Passcode: jain1234
One tap mobile
+16699009128,,93627613411# US (San Jose)
+12532158782,,93627613411# US (Tacoma)

Dial by your location
        +1 669 900 9128 US (San Jose)
        +1 253 215 8782 US (Tacoma)
        +1 301 715 8592 US (Washington DC)
        +1 312 626 6799 US (Chicago)
        +1 346 248 7799 US (Houston)
        +1 646 558 8656 US (New York)
Meeting ID: 936 2761 3411
2/14/22, 11:16 AM - +91 83052 06477: Dr. Meesala Sudhir Kumar is inviting you to a scheduled Zoom meeting.

Topic: Regular Classes for Automata Theory and  Logic 
Time: According to Time Table. Mumbai, Kolkata, New Delhi


Join Zoom Meeting
https://zoom.us/j/5052866020?pwd=Szl1WU5xbUZxQ3ZvdGdxUDhmQUYrdz09

Meeting ID: 505 286 6020
Passcode: Trc74t


One tap mobile
+13462487799,,4077944031# US (Houston)
+16465588656,,4077944031# US (New York)

Dial by your location
        +1 346 248 7799 US (Houston)
        +1 646 558 8656 US (New York)
        +1 669 900 9128 US (San Jose)
        +1 253 215 8782 US (Tacoma)
        +1 301 715 8592 US (Washington DC)
        +1 312 626 6799 US (Chicago)
Meeting ID: 505 286 6020
Find your local number: https://zoom.us/u/adiwKEfMMm
2/14/22, 11:16 AM - +91 83052 06477: Dear student's this is my permanent class ID for Automata Theory and Logic , every one join on time, according to time table.
2/14/22, 11:17 AM - Roshan Jha Jain University changed the group description
2/14/22, 11:38 AM - +91 83052 06477: https://classroom.google.com/c/NDY5NzYwMzg3Njkz?cjc=6greq3j
2/14/22, 11:39 AM - +91 83052 06477: Join google class for Automata Theory and Logic
2/14/22, 11:41 AM - Roshan Jha Jain University changed the group description
2/14/22, 12:04 PM - +91 83052 06477: Please join zoom
2/14/22, 7:02 PM - Roshan Jha Jain University: <Media omitted>
2/15/22, 8:49 AM - Roshan Jha Jain University changed the group description
2/15/22, 8:30 AM - +91 99006 85155: <Media omitted>
2/15/22, 8:58 AM - +91 6363 594 774: Ravi Kumar S is inviting you to a scheduled Zoom meeting.

Topic: Session On Microcontroller and Embedded System 
Time: This is a recurring meeting Meet anytime

Join Zoom Meeting
https://zoom.us/j/93627613411?pwd=VFpiUVdycXVNTUJMdFByeURkN0Q3QT09

Meeting ID: 936 2761 3411
Passcode: jain1234
One tap mobile
+16699009128,,93627613411# US (San Jose)
+12532158782,,93627613411# US (Tacoma)

Dial by your location
        +1 669 900 9128 US (San Jose)
        +1 253 215 8782 US (Tacoma)
        +1 301 715 8592 US (Washington DC)
        +1 312 626 6799 US (Chicago)
        +1 346 248 7799 US (Houston)
        +1 646 558 8656 US (New York)
Meeting ID: 936 2761 3411
2/15/22, 9:24 AM - +91 95575 62499: Topic: Java Lecture by Deepak K. Sinha
Time: Feb 15, 2022 11:10 PM India

Join Zoom Meeting
https://zoom.us/j/92502679819?pwd=ZTZsa1JMMVhvbVRKMmVxMjA2Zkx0UT09

Meeting ID: 925 0267 9819
Passcode: 945454
One tap mobile
+16699009128,,92502679819# US (San Jose)
+12532158782,,92502679819# US (Tacoma)

Dial by your location
        +1 669 900 9128 US (San Jose)
        +1 253 215 8782 US (Tacoma)
        +1 301 715 8592 US (Washington DC)
        +1 312 626 6799 US (Chicago)
        +1 346 248 7799 US (Houston)
        +1 646 558 8656 US (New York)
Meeting ID: 925 0267 9819
Find your local number: https://zoom.us/u/aAyJGeyE9
2/15/22, 10:56 AM - +91 83052 06477: This message was deleted
2/15/22, 11:21 AM - Ramesha: <Media omitted>
2/15/22, 11:21 AM - Ramesha: <Media omitted>
2/15/22, 11:21 AM - Ramesha: <Media omitted>
2/15/22, 11:21 AM - Ramesha: Examination Time Table
2/15/22, 1:56 PM - Veeresh Malagi: Veeresh S Malagi is inviting you to a scheduled Zoom meeting.

Topic: Veeresh S Malagi's Personal Meeting Room

Join Zoom Meeting
https://zoom.us/j/5938014649

Meeting ID: 593 801 4649
One tap mobile
+16699009128,,5938014649# US (San Jose)
+12532158782,,5938014649# US (Tacoma)

Dial by your location
        +1 669 900 9128 US (San Jose)
        +1 253 215 8782 US (Tacoma)
        +1 301 715 8592 US (Washington DC)
        +1 312 626 6799 US (Chicago)
        +1 346 248 7799 US (Houston)
        +1 646 558 8656 US (New York)
Meeting ID: 593 801 4649
Find your local number: https://zoom.us/u/aw7pkB9sY
2/15/22, 1:56 PM - Veeresh Malagi: Join linear algebra class now
2/15/22, 10:59 PM - Veeresh Malagi: https://classroom.google.com/c/NDcwMjc3OTk2Njg3?cjc=eqgxlj2
2/15/22, 10:59 PM - Veeresh Malagi: Linear algebra google classroom, kindly join
2/16/22, 8:50 AM - +91 6363 594 774: <Media omitted>
2/16/22, 8:58 AM - Roshan Jha Jain University changed the group description
2/16/22, 9:03 AM - +91 95575 62499: Topic: Java Lecture by Deepak K. Sinha (Section-C)
Time: Feb 16, 2022 12:10 PM India

Join Zoom Meeting
https://zoom.us/j/92886209208?pwd=bTFXV0RGQjJoR0VPdjdKcTAra3dLQT09

Meeting ID: 928 8620 9208
Passcode: 520442
One tap mobile
+12532158782,,92886209208# US (Tacoma)
+13017158592,,92886209208# US (Washington DC)

Dial by your location
        +1 253 215 8782 US (Tacoma)
        +1 301 715 8592 US (Washington DC)
        +1 312 626 6799 US (Chicago)
        +1 346 248 7799 US (Houston)
        +1 646 558 8656 US (New York)
        +1 669 900 9128 US (San Jose)
Meeting ID: 928 8620 9208
Find your local number: https://zoom.us/u/aMFsSSDhs
2/16/22, 9:53 AM - +91 83052 06477: https://zoom.us/j/5052866020?pwd=Szl1WU5xbUZxQ3ZvdGdxUDhmQUYrdz09
2/16/22, 12:06 PM - +91 95575 62499: Join the class at 12:10 PM
2/16/22, 12:19 PM - +91 99006 85155: <Media omitted>
2/16/22, 12:19 PM - +91 99006 85155: Updated time table
2/16/22, 12:20 PM - +91 99892 25569 left
2/16/22, 12:33 PM - Roshan Jha Jain University added +91 81520 90657
2/16/22, 12:48 PM - +91 80095 08412 joined using this group's invite link
2/16/22, 2:15 PM - +91 95575 62499: Topic: Mahesh TR's Personal Meeting Room

Join Zoom Meeting
https://zoom.us/j/2046228017

Meeting ID: 204 622 8017
One tap mobile
+13017158592,,2046228017# US (Washington DC)
+13126266799,,2046228017# US (Chicago)

Dial by your location
        +1 301 715 8592 US (Washington DC)
        +1 312 626 6799 US (Chicago)
        +1 346 248 7799 US (Houston)
        +1 646 558 8656 US (New York)
        +1 669 900 9128 US (San Jose)
        +1 253 215 8782 US (Tacoma)
Meeting ID: 204 622 8017
Find your local number: https://zoom.us/u/adY6QlRjYL
2/16/22, 2:15 PM - +91 95575 62499: java Lab
2/16/22, 2:15 PM - +91 95575 62499: join the meeting
2/16/22, 3:37 PM - Ramesha: <Media omitted>
2/16/22, 3:37 PM - Ramesha: <Media omitted>
2/16/22, 3:37 PM - Ramesha: <Media omitted>
2/17/22, 8:53 AM - +91 83052 06477: Join AT&L Class
2/17/22, 11:15 AM - Veeresh Malagi: Join linear algebra class now
2/17/22, 2:57 PM - +91 6362 448 766 left
2/18/22, 9:11 AM - +91 95575 62499: Topic: Automata Theory by Deepak K. Sinha ("A")
Time: Feb 18, 2022 09:00 AM India

Join Zoom Meeting
https://zoom.us/j/93127491874?pwd=c2poTThKY1FHMXExWjNPc3lZMnkxUT09

Meeting ID: 931 2749 1874
Passcode: 023094
One tap mobile
+13126266799,,93127491874# US (Chicago)
+13462487799,,93127491874# US (Houston)

Dial by your location
        +1 312 626 6799 US (Chicago)
        +1 346 248 7799 US (Houston)
        +1 646 558 8656 US (New York)
        +1 669 900 9128 US (San Jose)
        +1 253 215 8782 US (Tacoma)
        +1 301 715 8592 US (Washington DC)
Meeting ID: 931 2749 1874
Find your local number: https://zoom.us/u/acMbo1jkGQ
2/18/22, 9:11 AM - +91 95575 62499: Join the Java lecture
2/18/22, 9:51 AM - +91 83105 48920: Dear teachers, As discussed, ICode is sponsoring its next event to Club CypherShield, Department of CSE, Program-CTIS.  As always, I request registrations from all students of all departments.  Kindly share to students!   Registration link:        https://forms.gle/Asj3TrtjXxjnJZZJ8
2/18/22, 9:51 AM - +91 83105 48920: <Media omitted>
2/18/22, 10:51 AM - Roshan Jha Jain University: Campus CN is inviting you to a scheduled Zoom meeting.

Topic: Nodejs | Jain University
Time: Feb 18, 2022 06:00 PM India

Join Zoom Meeting
https://zoom.us/j/98560002371?pwd=V2tvVm1EdS8vVzJ3NDRaVytIQVZ5QT09

Meeting ID: 985 6000 2371
Passcode: 1234
One tap mobile
+13017158592,,98560002371#,,,,*1234# US (Washington DC)
+13126266799,,98560002371#,,,,*1234# US (Chicago)

Dial by your location
        +1 301 715 8592 US (Washington DC)
        +1 312 626 6799 US (Chicago)
        +1 346 248 7799 US (Houston)
        +1 646 558 8656 US (New York)
        +1 669 900 9128 US (San Jose)
        +1 253 215 8782 US (Tacoma)
Meeting ID: 985 6000 2371
Passcode: 1234
Find your local number: https://zoom.us/u/acEx7XQA4R
2/18/22, 10:51 AM - Roshan Jha Jain University: <Media omitted>
2/18/22, 10:51 AM - Roshan Jha Jain University: Dear teachers, As discussed, ICode is sponsoring its next event to Club CypherShield, Department of CSE, Program-CTIS.  As always, I request registrations from all students of all departments.  Kindly share to students!   Registration link:        https://forms.gle/Asj3TrtjXxjnJZZJ8
2/18/22, 10:59 AM - +91 83052 06477: Join AT&L Class
2/18/22, 1:40 PM - +91 6363 594 774: Ravi Kumar S is inviting you to a scheduled Zoom meeting.

Topic: MCES Lab
Time: This is a recurring meeting Meet anytime

Join Zoom Meeting
https://zoom.us/j/97568243078?pwd=SjhGWmZ4ZElZZSs0NGFCVXc2SnBrQT09

Meeting ID: 975 6824 3078
Passcode: 933572
One tap mobile
+16465588656,,97568243078# US (New York)
+16699009128,,97568243078# US (San Jose)

Dial by your location
        +1 646 558 8656 US (New York)
        +1 669 900 9128 US (San Jose)
        +1 253 215 8782 US (Tacoma)
        +1 301 715 8592 US (Washington DC)
        +1 312 626 6799 US (Chicago)
        +1 346 248 7799 US (Houston)
Meeting ID: 975 6824 3078
2/18/22, 4:14 PM - Roshan Jha Jain University changed the group description
2/18/22, 4:14 PM - Roshan Jha Jain University changed the group description
2/18/22, 4:04 PM - Veeresh Malagi: https://classroom.google.com/c/NDczMzkyNDI1OTY4?cjc=sdamhf2
2/18/22, 4:05 PM - Veeresh Malagi: Linear algebra google Classroom link using university mail id.... Kindly join
2/18/22, 5:48 PM - Roshan Jha Jain University: Join Everyone !
2/19/22, 8:08 AM - Veeresh Malagi: Dr. Siddesha M S is inviting you to a scheduled Zoom meeting.

Topic: Diploma Mathematics-II
Time: This is a recurring meeting Meet anytime

Join Zoom Meeting
https://zoom.us/j/96879395032?pwd=V2VHQmkxdS96MVVZTENRVTVXTDBHdz09

Meeting ID: 968 7939 5032
Passcode: 123
2/21/22, 6:23 AM - +91 6363 594 774: <Media omitted>
2/21/22, 7:37 AM - +91 83052 06477: Good morning all, 
The below mentioned rooms are allocated for the classroom for the following section. 
4th semester sectionwise
A-LH-111
B-LH-112
C-LH-211

6th semester sectionwise
A-LH-211
B-LH-127C

For elective
212,127A, 127B and 127C
2/21/22, 10:42 AM - +91 95575 62499: Kindly do come to LT-211 for your Java lecture
2/21/22, 10:48 AM - +91 95575 62499: Students join me at the earliest
2/21/22, 11:32 AM - +91 83052 06477: Join zoom
2/21/22, 11:33 AM - +91 83052 06477: For AT&L
2/21/22, 11:41 AM - +91 6363 594 774: Ravi Kumar S is inviting you to a scheduled Zoom meeting.

Topic: Session On Microcontroller and Embedded System 
Time: This is a recurring meeting Meet anytime

Join Zoom Meeting
https://zoom.us/j/93627613411?pwd=VFpiUVdycXVNTUJMdFByeURkN0Q3QT09

Meeting ID: 936 2761 3411
Passcode: jain1234
One tap mobile
+16699009128,,93627613411# US (San Jose)
+12532158782,,93627613411# US (Tacoma)

Dial by your location
        +1 669 900 9128 US (San Jose)
        +1 253 215 8782 US (Tacoma)
        +1 301 715 8592 US (Washington DC)
        +1 312 626 6799 US (Chicago)
        +1 346 248 7799 US (Houston)
        +1 646 558 8656 US (New York)
Meeting ID: 936 2761 3411
2/21/22, 11:41 AM - +91 6363 594 774: Join for microcontroller class
2/21/22, 12:04 PM - Ramesha: All students are here by informed to collect their FEE CLEARANCE CERTIFICATE from accounts department  to collect their 2nd Cycle exam admit cards
2/21/22, 1:12 PM - Roshan Jha Jain University changed the group description
2/21/22, 2:52 PM - +91 89702 97877: These students msg me immediately 

Anand C
Ayush Raj
Sai Shubham
Shaik moulaji 
Kamalnath Reddy
Sai Ganesh
Shaik Sameer
Yuvaraj Singh
Saeed Hiraad
Shashank Nidhi
Mostafizur Rahman
2/21/22, 8:08 PM - Roshan Jha Jain University: <Media omitted>
2/22/22, 8:13 AM - +91 99006 85155: <Media omitted>
2/22/22, 8:13 AM - +91 99006 85155: Dear students follow this updated time table from today onwards
2/22/22, 8:42 AM - +91 99006 85155: Class room no LH 211
2/22/22, 9:17 AM - Roshan Jha Jain University changed the group description
2/22/22, 9:16 AM - +91 95575 62499: Topic: Java Lecture
Time: Feb 22, 2022 10:00 AM India

Join Zoom Meeting
https://zoom.us/j/2046228017

Meeting ID: 204 622 8017
One tap mobile
+13017158592,,2046228017# US (Washington DC)
+13126266799,,2046228017# US (Chicago)

Dial by your location
        +1 301 715 8592 US (Washington DC)
        +1 312 626 6799 US (Chicago)
        +1 346 248 7799 US (Houston)
        +1 646 558 8656 US (New York)
        +1 669 900 9128 US (San Jose)
        +1 253 215 8782 US (Tacoma)
Meeting ID: 204 622 8017
Find your local number: https://zoom.us/u/adY6QlRjYL
2/22/22, 9:16 AM - +91 95575 62499: class will be offline at LT-211
2/22/22, 11:06 AM - +91 83052 06477: Join zoom meeting for AT&L Class
2/22/22, 11:38 AM - Ramesha: <Media omitted>
2/22/22, 12:25 PM - +977 982-1809836 changed the group description
2/22/22, 2:05 PM - Veeresh Malagi: Join linear algebra class now
2/22/22, 2:24 PM - Veeresh Malagi: Because of some technical issues, today's class is postponed......
2/23/22, 9:15 AM - +91 99006 85155: students come to lab 126 A at 10 am for os offline class
2/23/22, 9:15 AM - +91 99006 85155: https://zoom.us/j/94012321149
2/23/22, 9:16 AM - +91 99006 85155: Link for os  online class at 10  am
2/23/22, 3:21 PM - Roshan Jha Jain University: <Media omitted>
2/23/22, 3:21 PM - Roshan Jha Jain University: Dear all, ICode is Organising a Session for Students on Power BI and Data Analytics.  As always, I request registrations from all students of all departments.  

 Registration link:        https://forms.gle/jZVXstCNfQG5Hyzf9
2/23/22, 11:27 PM - Veeresh Malagi: Tomorrow's linear algebra class is rescheduled for another day......
2/24/22, 12:16 PM - +91 78299 04283: Ravi Kumar S is inviting you to a scheduled Zoom meeting.

Topic: Session On Microcontroller and Embedded System 
Time: This is a recurring meeting Meet anytime

Join Zoom Meeting
https://zoom.us/j/93627613411?pwd=VFpiUVdycXVNTUJMdFByeURkN0Q3QT09

Meeting ID: 936 2761 3411
Passcode: jain1234
One tap mobile
+16699009128,,93627613411# US (San Jose)
+12532158782,,93627613411# US (Tacoma)

Dial by your location
        +1 669 900 9128 US (San Jose)
        +1 253 215 8782 US (Tacoma)
        +1 301 715 8592 US (Washington DC)
        +1 312 626 6799 US (Chicago)
        +1 346 248 7799 US (Houston)
        +1 646 558 8656 US (New York)
Meeting ID: 936 2761 3411
2/24/22, 12:37 PM - Roshan Jha Jain University: Reminder Mail:- Webinar for 2nd & 3rd Year B.Tech Students hosted by Mindtree Company.

Respected Faculty Advisors,

Greetings of the day,

Kindly request to be intimate to 2nd Year & 3rd Year students about the webinar hosted by Mindtree company. The webinar login credentials are in this email.

Webinar Host:- Mindtree Company.

Topic

What do Managers expect in fresh engineers

Date & Time

24th Feb & 7:00 PM

Session Link

https://clicklo.net/cnakh

Target Audience

2nd ,3rd Year Engineering Students /


We request all faculty advisers to intimate 2nd & 3rd Year B.Tech All branches students.

Regards,
Srikanth
FETJU
2/24/22, 5:11 PM - Roshan Jha Jain University: Dear all, Kindly find the zoom id for Webinar on "Data analytics and Power BI"  https://zoom.us/my/sowmyams         Kindly join by 4 45PM, there is one exciting opportunity to share too!!
2/25/22, 7:54 AM - +91 99006 85155: students come to lab 126 A at 9 am for os offline class
2/25/22, 7:54 AM - +91 99006 85155: https://zoom.us/j/94012321149
2/25/22, 7:54 AM - +91 99006 85155: Link for os  online class at 9 am
2/25/22, 11:48 AM - Veeresh Malagi: Today's 4th hour linear algebra class is rescheduled for other day......
2/25/22, 1:57 PM - +91 6363 594 774: Dear students come to microcontroller lab room no 126
2/26/22, 7:39 AM - +91 95385 71172: Dr. Siddesha M S is inviting you to a scheduled Zoom meeting.

Topic: Diploma Mathematics-II
Time: This is a recurring meeting Meet anytime

Join Zoom Meeting
https://zoom.us/j/96879395032?pwd=V2VHQmkxdS96MVVZTENRVTVXTDBHdz09

Meeting ID: 968 7939 5032
Passcode: 123
2/26/22, 9:04 AM - Veeresh Malagi: Dr. Siddesha M S is inviting you to a scheduled Zoom meeting.

Topic: Diploma Mathematics-II
Time: This is a recurring meeting Meet anytime

Join Zoom Meeting
https://zoom.us/j/96879395032?pwd=V2VHQmkxdS96MVVZTENRVTVXTDBHdz09

Meeting ID: 968 7939 5032
Passcode: 123
2/26/22, 5:32 PM - Roshan Jha Jain University: <Media omitted>
2/26/22, 5:32 PM - Roshan Jha Jain University: Dear Students, Start registering for the 28th Feb Event, ICode sponsor to APPINTECH club of MACT Program-CSE.   We are team. We Promote each other event and We Support to grow as One School.  Thanks to teachers who suggested these topics for webinars.  See you all on the Event. Don't Miss!!   Happy Learning :)
2/26/22, 5:32 PM - Roshan Jha Jain University: https://forms.gle/rgMdUwWP3JM3wsSh7
2/28/22, 8:51 AM - +91 95575 62499: Today, there will be Java lecture at 12:10 PM in offline mode, it will be a combined lecture for all sections.
Thanks
2/28/22, 8:58 AM - +91 99006 85155: Students join immediately class started
2/28/22, 9:25 AM - Veeresh Malagi: Mr. Harsha S V is inviting you to a scheduled Zoom meeting.

Topic: Unit 1 Problems on LU Decomposition
Time: Feb 28, 2022 09:50 AM Mumbai, Kolkata, New Delhi

Join Zoom Meeting
https://zoom.us/j/4077944031?pwd=ZEFvYlZkOEZsUVRWV3BwR3BoMDhXZz09

Meeting ID: 407 794 4031
Passcode: 123456
One tap mobile
+13462487799,,4077944031# US (Houston)
+16465588656,,4077944031# US (New York)

Dial by your location
        +1 346 248 7799 US (Houston)
        +1 646 558 8656 US (New York)
        +1 669 900 9128 US (San Jose)
        +1 253 215 8782 US (Tacoma)
        +1 301 715 8592 US (Washington DC)
        +1 312 626 6799 US (Chicago)
Meeting ID: 407 794 4031
Find your local number: https://zoom.us/u/adiwKEfMMm
2/28/22, 9:25 AM - Veeresh Malagi: Dear students, kindly join this link for linear algebra class.....
2/28/22, 9:46 AM - Veeresh Malagi: Offline students, kindly assemlble in 112......Harsha sir will take the class
2/28/22, 10:54 AM - +91 6363 594 774: Ravi Kumar S is inviting you to a scheduled Zoom meeting.

Topic: Session On Microcontroller and Embedded System 
Time: This is a recurring meeting Meet anytime

Join Zoom Meeting
https://zoom.us/j/93627613411?pwd=VFpiUVdycXVNTUJMdFByeURkN0Q3QT09

Meeting ID: 936 2761 3411
Passcode: jain1234
One tap mobile
+16699009128,,93627613411# US (San Jose)
+12532158782,,93627613411# US (Tacoma)

Dial by your location
        +1 669 900 9128 US (San Jose)
        +1 253 215 8782 US (Tacoma)
        +1 301 715 8592 US (Washington DC)
        +1 312 626 6799 US (Chicago)
        +1 346 248 7799 US (Houston)
        +1 646 558 8656 US (New York)
Meeting ID: 936 2761 3411
2/28/22, 11:07 AM - +91 6363 594 774: For microcontroller offline class come to room no 127 A
2/28/22, 11:49 AM - +91 83052 06477: Dr. Meesala Sudhir Kumar is inviting you to a scheduled Zoom meeting.

Topic: Automata Theory & Logic
Time: This is a recurring meeting Meet anytime

Join Zoom Meeting
https://zoom.us/j/5052866020?pwd=Szl1WU5xbUZxQ3ZvdGdxUDhmQUYrdz09

Meeting ID: 505 286 6020
Passcode: Trc74t
One tap mobile
+13126266799,,5052866020# US (Chicago)
+13462487799,,5052866020# US (Houston)

Dial by your location
        +1 312 626 6799 US (Chicago)
        +1 346 248 7799 US (Houston)
        +1 646 558 8656 US (New York)
        +1 669 900 9128 US (San Jose)
        +1 253 215 8782 US (Tacoma)
        +1 301 715 8592 US (Washington DC)
Meeting ID: 505 286 6020
Find your local number: https://zoom.us/u/asv8WSvc
2/28/22, 11:50 AM - +91 83052 06477: join according to time table only
2/28/22, 11:51 AM - +91 83052 06477: Link for online mode 
Course: Automata Theory & Logic
2/28/22, 12:00 PM - +91 95575 62499: LT-112
2/28/22, 12:01 PM - +91 83052 06477: Join now
2/28/22, 12:39 PM - Roshan Jha Jain University: Campus Team is inviting you to a scheduled Zoom meeting.

Topic: Rest API Architecture using Node.js |  Jain University
Time: Feb 28, 2022 06:00 PM India

Join Zoom Meeting
https://zoom.us/j/92845674651

Meeting ID: 928 4567 4651

Dial by your location
        +1 346 248 7799 US (Houston)
        +1 646 558 8656 US (New York)
        +1 669 900 9128 US (San Jose)
        +1 253 215 8782 US (Tacoma)
        +1 301 715 8592 US (Washington DC)
        +1 312 626 6799 US (Chicago)
Meeting ID: 928 4567 4651
Find your local number: https://zoom.us/u/adBJxyISnW
2/28/22, 5:20 PM - +91 87458 77185 left
2/28/22, 7:24 PM - Ramesha: Dear all, kindly remind students about today's event at 6pm.   Next icode event will be Apr 1st week. Due to NBA and exams .


Kindly join today webinar,  Zoom shared!!!   https://zoom.us/j/92845674651
2/28/22, 7:47 PM - Roshan Jha Jain University: <Media omitted>
2/28/22, 8:23 PM - +91 83052 06477: <Media omitted>
2/28/22, 8:23 PM - +91 83052 06477: <Media omitted>
2/28/22, 8:33 PM - +91 83052 06477: https://linktr.ee/ignan.ju
3/1/22, 7:34 AM - +91 99006 85155: <Media omitted>
3/2/22, 8:47 AM - +91 95385 71172: Mr. Harsha S V is inviting you to a scheduled Zoom meeting.

Topic: Unit  1 Solving system of equations by L U decomposition method
Time: Mar 2, 2022 09:00 AM Mumbai, Kolkata, New Delhi

Join Zoom Meeting
https://zoom.us/j/4077944031?pwd=ZEFvYlZkOEZsUVRWV3BwR3BoMDhXZz09

Meeting ID: 407 794 4031
Passcode: 123456
One tap mobile
+13462487799,,4077944031# US (Houston)
+16465588656,,4077944031# US (New York)

